fecha,casos,casosdia,fallecido,CABA,CABAdia,recuperados,importados, contactos,comunitarios,comunitariosdia,testeados,descartado,Observaciones
2020-03-5,1,1,0,,,0,1,0,0,0,,,
2020-03-6,2,1,0,1,1,0,2,0,0,0,,,
2020-03-8,12,10,0,2,2,0,12,0,0,0,28,,
2020-03-9,17,5,1,4,1,0,17,0,0,0,,,
2020-03-10,19,2,1,5,1,0,19,0,0,0,,,
2020-03-11,21,2,1,6,1,0,21,0,0,0,,,
2020-03-12,31,10,1,6,4,0,28,3,0,0,,,*CABA estimado
2020-03-13,34,3,2,8,2,0,30,4,0,0,,,
2020-03-14,45,11,2,17,5,2,40,5,0,0,,,*CABA estimado
2020-03-15,56,11,2,23,6,5,48,8,0,0,,,
2020-03-16,65,9,2,28,5,5,56,9,0,0,,,
2020-03-17,78,13,2,32,4,5,67,11,0,0,,,
2020-03-18,97,19,2,42,10,18,80,16,1,1,,,
2020-03-19,128,31,3,50,8,18,100,21,7,6,,,
2020-03-20,158,30,3,59,9,18,122,25,11,4,,,
2020-03-21,225,67,4,88,29,18,167,37,21,10,,,
2020-03-22,266,40,4,100,12,18,183,49,34,13,,,
2020-03-23,301,36,4,111,11,52,199,54,48,14,,,
2020-03-24,385,84,6,141,30,63,238,74,73,25,,,
2020-03-25,502,117,8,162,21,63,291,92,169,96,,,
2020-03-26,589,87,12,192,30,75,348,116,195,26,1946,1570,
2020-03-27,690,101,17,235,43,72,386,167,137,-58,2258,1870,"*ERROR Los casos comunitarios no coinciden con la suma de reportados hasta ahora, hay incidencia negativa, ERROR!"
2020-03-28,745,55,19,253,18,80,408,185,152,15,2817,3215,
2020-03-29,820,75,20,258,13,91,442,207,171,19,3106,,
2020-03-30,966,146,24,292,34,228,489,,,,,,*NO se reportaron la cantidad de casos por contactos estrechos por lo que no se puede calcular la cantidad de casos comunitarios
